<?xml version="1.0"?>
<opencv_storage>
<intrinsic type_id="opencv-matrix">
  <rows>3</rows>
  <cols>3</cols>
  <dt>d</dt>
  <data>
    1.4456197280531651e+03 0. 9.6754685980202635e+02 0.
    1.4465358917851490e+03 5.6093142863922310e+02 0. 0. 1.</data></intrinsic>
<disCoeffs type_id="opencv-matrix">
  <rows>5</rows>
  <cols>1</cols>
  <dt>d</dt>
  <data>
    1.9329876865189369e-01 -9.2474693413968834e-01
    1.8838131107057762e-03 9.3105551562038555e-04 1.4418174625839613e+00</data></disCoeffs>
</opencv_storage>
